7809,66
182983531,00
73965980,00
130787817,66
68491073,00
538779629,33
669643491,66
615677444,33
12497740,66
508917770,00
161569960,00
193219930,66
483017248,00
69251513,33
661549370,66
629890998,00
97161710,33
494594774,33
33299714,66
94697620,33
33310644,66
26572963,00
186033927,66
160145265,66
193805236,33
289935959,33
216572828,66
354849235,00
54538198,33
74856547,66
105975484,00
116042228,33
4059348,33
288245913,33
20185223,33
9905511,66
111574601,33
426420124,66
113262752,00
26447544,33
32100323,66
358577986,66
268967994,66
28209776,66
162337655,33
319054010,33
444167384,33
12691376,33
154770025,66
100171410,33
461341991,66
168232582,66
223644954,33
253376033,00
51368960,66
37731530,00
15823218,66
258524160,33
268330085,66
26661062,33
3811393,33
66515,33
37019168,33
353683754,66
138167255,66
40091246,66
246701423,33
193989906,00
144393561,33
428318462,66
284692506,66
14140970,33
19699814,33
147712358,33
271126863,66
9949933,00
84668435,00
262704925,00
203717306,00
95653627,66
17016853,66
64546641,00
374771874,33
527059815,66
84365997,00
41268403,66
7053731,66
236796067,33
177010172,00
15574535,33
63459071,00
52889732,33
39121627,33
276681620,33
391949898,33
283206204,00
101637982,66
430182158,33
72940700,00
90310585,33
509450432,00
