19 9
19 10
20 10
20 11
20 12
20 13
20 14
19 14
20 14
21 14
21 13
21 12
21 11
21 10
22 10
22 9
23 9
23 8
24 8
24 7
25 7
25 8
26 8
25 8
25 7
25 8
25 9
25 8
25 7
26 7
27 7
27 7
27 7
25 7
25 6
25 5
25 6
25 7
25 6
25 5
25 4
25 4
25 4
25 6
25 7
25 8
25 9
25 10
25 11
26 11
26 12
26 13
26 14
26 15
26 16
26 17
25 17
26 17
27 17
28 17
29 17
30 17
30 18
29 18
28 18
28 17
28 16
29 16
30 16
31 16
31 16
31 16
30 15
30 14
30 15
30 16
29 16
28 16
28 17
28 18
28 19
28 20
28 21
28 22
27 22
27 21
28 21
29 21
28 21
27 21
26 21
25 21
25 22
25 23
25 22
25 21
24 21
24 21
24 21
24 21
24 21
24 21
25 22
26 22
27 22
27 23
27 24
28 24
29 24
30 24
29 24
28 24
28 25
28 25
27 24
27 25
27 25
27 25
27 25
27 25
27 25
28 24
29 24
30 24
30 23
31 23
32 23
32 23
31 24
31 25
31 25
31 25
32 24
32 24
32 24
32 24
32 24
31 23
32 23
32 23
32 23
32 23
32 23
32 23
31 22
31 22
31 22
30 23
29 23
28 23
27 23
27 24
27 25
28 24
28 23
27 23
26 23
26 24
26 23
26 22
26 23
27 23
28 23
28 24
29 24
29 25
28 24
28 25
28 25
28 25
28 25
28 25
28 25
28 25
28 25
28 25
