1 27 20 22 5 9 7 8 28 17 11 12 13 14 15 16 25 18 19 2 21 26 23 6 24 3 4 10
2 3 5 4 7 1 6
1 2
7 2 3 8 5 15 6 1 9 10 11 12 13 14 16 4 17 18 19
9 10 11 15 3 12 25 19 21 1 16 23 5 26 14 6 20 18 17 8 24 27 4 13 2 7 22
1
1 3 11 10 5 6 7 8 4 9 2
14 4 13 15 10 8 9 1 6 7 5 16 12 11 3 2
13 14 17 8 4 3 7 12 16 6 11 5 1 2 15 9 10
3 4 2 6 5 7 9 8 1
1 2 14 9 17 12 15 8 6 10 11 5 13 7 4 16 3 18 19
3 2 8 6 5 13 9 19 21 10 15 11 16 14 7 17 12 1 18 20 4
1 9 3 4 5 7 13 8 12 10 11 6 2 14
1 10 3 21 5 6 20 8 9 18 2 7 12 22 17 16 14 15 19 13 4 11
6 2 9 13 10 1 11 18 3 5 7 8 4 17 16 15 14 12
11 2 4 7 3 10 6 1 9 8 5
26 10 13 29 23 11 3 17 20 27 25 16 14 21 15 4 12 19 5 30 28 8 9 18 6 22 24 2 7 1
5 3 8 9 2 10 1 11 7 4 6
10 15 22 2 6 1 9 27 17 13 24 23 25 7 20 5 18 8 14 12 19 16 11 26 3 4 21
8 14 2 6 10 16 17 9 12 18 1 11 5 7 13 20 3 15 4 19
4 5 3 1 2
2 3 6 9 5 13 7 4 12 8 11 10 1
10 8 22 19 1 9 4 13 2 6 20 25 23 3 18 12 17 7 15 16 14 11 5 24 21
2 1 6 5 4 3
1
5 3 12 10 1 9 15 13 6 4 17 16 8 18 7 2 11 14
15 2 11 10 23 22 13 19 25 3 5 24 4 20 1 16 21 18 8 14 17 6 7 12 9 26
3 1 2
1 2
2 1 4 3 5
1 5 24 10 27 26 7 4 2 9 11 22 25 18 8 14 17 6 3 12 21 19 23 15 13 16 20
10 8 3 13 5 19 1 20 6 21 11 12 16 2 14 15 17 18 4 9 7 22
16 12 8 17 21 19 18 11 7 4 3 14 20 2 6 10 13 9 15 1 22 5
1 3 6 18 9 14 10 2 19 5 11 7 20 13 15 8 16 12 24 17 21 22 23 4
2 4 6 1 5 3
1 2 3
7 8 4 3 9 10 1 2 5 6
4 11 21 1 18 19 8 12 16 22 2 13 3 7 10 17 6 9 15 20 14 5
12 17 20 21 9 2 19 16 1 7 22 13 23 3 10 8 5 14 18 11 4 6 15
4 21 20 12 24 6 22 8 9 18 11 2 13 1 15 16 17 3 19 5 10 14 23 7
3 4 1 2
2 1 3 4 5 6
8 14 10 15 5 20 2 7 13 6 21 19 12 4 16 18 3 11 9 1 17
1 17 11 23 4 21 14 8 19 5 20 7 6 10 9 15 3 18 12 16 2 22 13
5 15 29 18 28 30 16 9 12 23 26 2 13 21 8 19 25 6 4 11 14 27 10 7 1 3 24 22 20 17
1
6 3 7 2 8 9 1 4 10 5
16 6 5 1 15 23 18 13 7 3 11 8 10 17 12 14 20 4 9 24 2 21 22 19
1 2 12 5 4 6 8 7 10 9 11 3
15 17 2 5 21 16 13 8 20 7 9 11 12 3 18 1 4 14 19 22 6 10
3 4 1 2
5 1 11 4 12 6 7 9 2 10 8 3 13 14 15 16 17
1 15 29 7 5 22 18 17 26 13 11 3 8 14 20 16 4 19 23 12 6 2 9 21 24 10 27 28 25
3 9 1 4 5 6 8 7 2
1 2
16 1 13 19 3 10 24 23 7 25 22 20 17 12 9 26 30 6 27 21 4 2 28 5 14 8 11 15 18 29
4 10 8 2 7 17 5 3 13 18 19 16 9 15 14 12 6 1 11
17 14 19 1 7 3 21 10 16 9 22 2 8 20 15 4 12 11 13 6 5 18
1 9 7 3 8 5 4 6 10 11 2
6 9 17 11 3 14 7 12 2 16 4 8 5 10 15 1 13
7 2 4 5 1 6 8 9 3
4 2 3 1 5 6
6 15 9 17 11 16 14 4 13 2 8 12 10 5 7 1 3
1 2
13 22 3 26 7 12 19 8 14 10 4 15 21 25 6 16 17 2 5 20 11 18 23 1 9 24 27 28
17 16 19 1 21 20 3 12 4 13 23 11 8 14 7 9 5 2 22 18 6 10 15
3 8 1 4 5 7 6 9 2
12 2 22 4 15 18 10 3 16 7 26 1 17 11 5 9 20 6 27 13 24 8 23 21 28 14 19 25
9 5 11 2 4 6 7 1 8 3 10
5 12 10 1 7 4 8 11 9 3 6 2
8 6 12 5 11 1 7 2 14 16 15 10 13 17 4 3 18 9
5 3 17 1 15 6 4 11 19 8 10 23 18 14 12 25 2 26 22 21 7 16 20 13 24 9
5 7 6 2 3 1 4
7 2 5 6 3 4 1 8 10 9
10 21 23 18 15 17 8 24 25 9 22 4 12 1 3 14 6 13 5 11 16 2 20 19 7
2 6 1 3 4 7 5
19 5 29 8 10 17 16 2 14 6 30 13 27 18 28 20 12 15 9 21 23 7 3 25 22 24 26 1 11 4
9 6 5 10 3 4 7 8 18 22 19 16 20 15 14 1 12 2 23 13 11 17 21
1
5 1 2 3 4
1 6 11 16 12 15 13 8 5 7 9 4 2 14 10 17 3
11 13 21 26 24 10 7 12 23 2 9 8 6 22 19 20 18 1 15 16 3 14 17 5 25 4
15 22 13 10 3 18 8 12 4 16 11 21 1 5 6 14 19 23 2 7 17 9 20
1 2 4 3 5
7 5 4 20 15 18 10 24 21 3 12 13 16 1 11 2 23 22 19 14 9 17 8 6
1
3 5 1 2 4
2 3 1 4 5
27 6 17 18 10 24 8 30 4 23 16 25 3 1 13 28 7 11 14 5 19 9 12 15 20 22 26 2 21 29
15 29 20 4 11 27 5 28 9 8 23 24 3 16 26 2 12 13 30 17 1 22 7 18 19 10 25 21 14 6
2 6 4 5 3 1
20 6 11 19 10 5 12 15 18 7 3 13 9 1 14 21 8 16 17 2 4
6 1 8 9 7 2 4 5 3
2 20 5 15 10 14 6 13 8 24 16 3 22 21 17 11 9 1 23 4 19 18 25 12 7
8 5 16 12 10 11 6 20 4 13 1 7 18 17 2 19 15 9 3 14
11 21 28 18 7 1 19 26 2 8 4 29 10 13 5 3 17 6 27 24 20 22 16 23 25 30 15 14 9 12
1 2 4 5 6 7 3
4 7 10 11 1 6 5 2 9 8 3
30 17 15 19 18 23 10 26 25 11 16 20 2 3 24 8 28 22 5 6 13 29 4 7 12 21 14 1 27 9
1 2 3
8 2 5 7 4 3 1 6 9 10
1 2 3
4 5 3 1 12 9 13 14 17 6 15 7 11 10 16 2 8
10 6 2 15 12 5 13 9 11 4 8 7 3 14 1
1 2 10 4 5 7 16 8 18 15 19 12 13 14 11 9 17 6 3
1
2 1 3 4 5
15 17 5 1 7 22 4 19 13 20 9 6 16 2 10 14 21 8 11 12 18 3
10 11 3 12 17 23 7 24 22 1 2 4 18 21 15 13 5 9 6 8 20 16 19 14
3 14 8 16 19 9 6 1 7 5 18 2 15 12 13 20 11 17 10 4
7 9 8 1 17 3 11 5 10 4 15 13 16 12 14 6 2
7 6 13 3 14 9 4 11 5 10 1 12 2 8
2 1
1 3 2 6 5 4
9 2 7 5 13 15 10 6 12 14 1 11 16 3 4 8
4 3 1 2
3 2 1
7 1 10 2 9 6 4 5 8 3
5 20 3 4 16 15 7 21 14 1 9 6 23 18 13 10 19 11 2 22 12 17 8
1 2 9 4 5 6 7 16 14 10 11 12 13 8 15 3
7 5 11 8 3 1 20 22 2 10 9 19 24 14 21 6 13 12 18 15 16 4 23 17 25
3 1 5 2 4
1
11 4 3 2 5 10 7 8 6 9 1
13 9 8 3 7 10 19 16 1 12 14 6 17 18 4 15 2 11 5 20
4 3 2 1
7 10 16 12 23 2 18 8 3 19 9 14 1 4 21 11 5 15 6 20 17 22 13
9 3 11 5 10 2 13 14 12 6 4 7 8 1
5 4 7 1 10 9 2 3 6 8
3 1 2 6 5 4 7
29 10 19 11 17 8 16 26 13 2 4 23 7 3 21 18 5 12 6 25 14 27 24 9 20 1 22 15 28
1 2 3
4 1 3 2 5
5 6 8 9 1 2 3 4 7
12 1 3 15 6 18 17 8 9 10 13 5 4 7 16 2 14 11
9 1 3 4 11 6 7 8 12 10 14 5 13 2 15
9 5 8 3 13 10 18 19 7 14 17 22 2 11 1 12 16 20 15 21 4 6
12 8 14 10 6 7 3 4 11 9 5 2 1 13
4 2 5 1 3
4 16 9 22 18 13 8 21 20 15 11 7 10 23 14 1 24 19 2 17 6 12 3 5
7 9 2 8 4 10 11 6 1 3 5
1 2 3 4 5 6 11 7 9 10 8 12 13
6 1 3 4 5 2
1 4 3 7 5 2 6 8 9
10 15 7 4 14 12 5 2 8 6 11 1 3 13 9
2 4 8 1 10 6 15 11 9 12 3 5 7 14 13
1 5 3 4 8 6 7 2
1 7 14 4 5 17 12 9 10 8 11 2 13 15 3 6 16
4 2 19 1 16 6 20 8 15 10 11 21 13 14 18 17 5 9 3 7 12
1 2 3 4
1 13 16 2 3 14 4 5 12 11 7 10 8 9 6 15
2 3 1 4 5 6 7 8 9 10 11 12 13 14 15
1 2 6 7 5 3 4 8 9 10
8 12 13 7 5 11 4 1 14 15 6 2 3 9 10
10 27 9 21 26 16 17 22 30 25 18 13 5 1 20 14 29 7 15 2 24 8 28 23 4 11 12 6 19 3
8 2 4 15 9 6 10 3 7 11 5 12 13 14 1
9 11 12 7 4 1 5 10 2 6 3 8
6 8 3 4 5 1 12 19 9 17 10 7 13 2 14 15 16 18 11
4 1 3 8 6 5 7 2
19 1 8 24 21 20 6 4 9 2 12 22 7 10 15 18 17 16 13 23 5 27 3 28 25 26 14 11 29
1 2 3 4 5 6
1
17 8 18 20 5 6 4 12 9 16 3 2 19 11 15 21 1 14 13 7 10
3 6 14 11 1 19 7 5 9 4 12 2 17 18 15 16 8 13 20 10
10 3 20 22 5 6 15 23 21 17 11 12 7 4 13 9 1 18 8 2 16 14 19 24
4 29 16 28 1 6 8 7 15 3 12 23 13 24 21 9 26 25 14 22 17 20 2 10 19 5 27 18 11
16 14 22 4 18 13 20 8 15 6 2 11 10 17 7 3 9 19 21 5 1 12
24 13 11 2 25 6 3 15 17 23 21 7 4 1 10 22 12 18 16 8 9 19 5 14 20
2 5 4 6 1 3
1 2 3 4 5 6 7 8 9 10
11 16 4 17 13 15 2 6 7 5 3 9 1 14 8 10 12
8 6 5 2 9 7 1 11 4 3 10
6 7 14 16 1 24 20 18 27 4 17 25 21 22 15 2 19 26 11 8 5 9 12 28 10 23 13 3
7 5 11 8 1 6 9 12 10 4 2 3
1
1 9 3 7 6 10 5 8 4 2
1
26 8 24 14 15 13 17 12 25 2 16 4 6 20 9 23 5 10 21 18 7 11 1 22 19 3
9 10 8 24 2 16 17 23 3 11 19 21 6 28 12 13 14 15 5 7 26 4 1 22 25 20 18 27
1 3 2 5 4 6
1 3 11 2 4 6 5 12 9 10 8 7
7 5 3 4 2 6 1
27 4 8 7 24 2 28 17 18 13 29 19 12 20 1 5 23 22 30 11 26 3 16 9 15 25 14 10 21 6
4 2 5 7 16 15 17 14 1 9 12 8 11 10 6 13 3
2 1
9 4 5 2 7 3 6 10 1 8 11
2 1 3 4 5 6 8 7 9
1 6 3 4 5 7 2
10 8 3 2 1 5 7 9 12 11 6 4
1 2 3 4
1 2
25 2 9 17 14 1 5 26 11 16 20 3 24 4 21 7 13 6 19 10 18 22 8 23 12 15
2 9 6 10 8 3 7 4 5 11 1
1 2 19 5 7 6 10 12 9 25 3 22 13 23 28 18 17 4 8 11 21 15 16 27 24 26 14 20
7 1 5 9 4 2 10 8 6 3
1 5 2 4 3
2 3 1 4
3 7 2 8 6 1 4 5
1 18 11 13 22 6 7 8 14 2 12 21 20 5 15 19 16 10 17 23 4 24 9 3
5 6 3 16 13 15 21 9 12 10 4 8 1 14 2 11 7 18 19 20 17 22
1
7 5 2 8 4 3 9 10 1 6
2 14 8 4 15 1 16 7 9 10 11 13 12 6 5 3
3 5 1 4 2 6 9 11 7 10 8 12
1 17 12 4 7 6 9 8 11 15 10 16 13 14 3 2 5
6 3 4 10 1 2 5 8 9 7
4 6 8 2 1 9 7 3 5 10
9 1 12 14 4 7 8 3 6 13 10 2 5 11
4 2 17 1 12 6 13 14 9 20 11 5 7 8 22 16 3 15 19 10 18 23 21
10 8 14 29 19 16 6 25 22 5 17 12 1 24 2 28 18 30 11 23 21 26 20 27 9 3 15 13 4 7
10 6 3 11 1 15 2 8 14 12 9 5 4 13 7
1
14 12 10 13 1 15 8 9 4 17 5 7 2 3 16 6 11
1 3 10 2 11 4 14 7 17 12 6 5 15 13 9 8 16
2 5 7 9 1 3 6 10 11 8 4
1 2 3 7 5 4 6
1
8 13 4 20 18 6 9 12 19 22 7 21 1 23 2 10 3 5 17 14 11 16 15
6 7 13 4 5 19 2 8 15 10 16 12 14 3 9 18 17 11 1
1 7 4 8 6 5 2 3
12 28 21 9 3 19 8 20 17 10 27 22 24 14 15 30 5 16 4 11 2 29 1 18 25 26 7 23 6 13
8 7 18 5 11 17 10 9 1 16 4 3 15 12 14 6 2 13
20 16 12 15 2 18 3 6 1 4 7 10 11 14 17 8 13 9 19 5 21
1
18 22 21 12 17 6 19 25 15 1 24 14 13 20 5 9 4 8 7 16 23 2 3 10 11
1 6 18 9 14 4 10 11 8 3 5 20 15 19 12 16 2 7 21 13 17
5 1 9 4 3 6 7 2 10 8
4 3 1 8 5 6 9 2 10 7
7 5 8 2 3 4 1 6
13 17 21 12 9 6 5 22 15 24 1 4 8 20 18 14 23 16 7 10 19 2 11 3
6 4 3 7 5 1 2 9 8
2 1
1 3 2 4 7 6 15 17 9 13 11 12 14 10 5 16 8
5 19 24 20 15 26 1 14 25 17 9 18 10 11 8 21 27 3 12 7 2 29 13 4 16 23 22 6 28
5 17 2 16 12 10 7 4 15 19 6 9 13 14 3 11 18 1 8
15 11 9 13 7 14 18 16 3 4 12 2 10 19 17 8 1 5 6
1 2
8 17 10 3 16 7 5 2 12 11 13 9 1 20 18 14 4 19 6 15
4 1 7 2 5 3 6
12 5 7 15 11 14 6 8 9 4 16 13 1 3 10 2
14 7 3 22 21 4 18 2 24 16 19 8 29 6 15 1 10 11 23 5 27 25 17 20 13 26 12 28 9
1 2 3 4
3 2 1 4 7 6 5 8
8 23 1 13 22 19 7 4 3 10 6 2 18 14 15 16 20 5 11 21 17 9 12
20 14 2 19 5 4 7 10 17 6 9 12 13 1 11 16 23 18 15 3 21 22 8
1 4 6 3 5 2
2 15 6 9 7 17 11 4 10 1 12 5 8 13 14 3 16
1 2 3
1
7 3 2 11 4 6 1 13 5 8 12 10 9
17 11 3 4 5 8 7 6 9 10 2 23 13 24 20 16 1 21 19 15 18 25 12 14 22
1 3 7 6 4 5 2
17 11 1 9 16 3 6 5 13 10 15 18 7 8 20 2 19 4 14 12
21 16 15 2 5 9 1 13 14 12 4 23 11 20 8 18 3 10 17 7 22 6 19
1 2 3
3 7 2 8 1 6 4 5
10 2 14 11 15 6 8 13 3 12 1 4 7 5 9 16
7 12 13 10 11 5 15 8 6 3 2 14 1 4 9
7 2 4 3 9 8 1 6 5
17 24 8 19 20 16 1 10 4 15 11 22 7 13 23 9 2 21 12 5 6 14 18 3
8 12 13 10 6 7 14 1 2 3 15 11 4 9 5
1 2 21 27 15 9 16 24 6 22 28 12 26 20 5 7 17 3 25 11 19 10 18 8 23 13 4 14
1 2 3 4 5 6
4 3 2 1
1 4 3 2
17 14 19 11 5 6 18 15 2 10 7 13 3 16 1 9 8 4 12 20
9 1 4 11 7 2 6 3 8 10 5
4 5 2 3 1
6 7 5 4 2 8 3 1
13 19 8 6 7 4 11 1 12 14 20 9 15 5 16 3 18 21 17 10 2
13 7 15 18 8 10 12 9 16 1 4 2 21 22 6 5 14 11 23 3 17 19 20
1 2 3 4 5 6 7 8 9
6 2 10 8 1 5 3 9 4 7 12 14 11 13
2 3 1
5 2 1 4 3
1
1 2 3 7 10 11 15 13 14 16 8 18 6 12 19 17 5 9 4
16 15 10 8 1 21 9 25 14 23 12 17 27 6 22 2 20 19 24 18 7 4 5 11 26 3 13
1 5 3 8 10 7 2 9 6 4
1 2 3 16 15 5 11 13 12 9 17 8 6 4 7 14 10
1 25 5 8 20 23 10 13 18 17 4 28 19 7 2 15 26 22 27 24 6 21 11 9 16 14 29 3 12
14 23 25 2 12 1 18 11 10 24 3 13 6 15 5 22 19 17 4 20 8 9 7 16 21
10 20 21 14 19 6 3 2 15 9 4 13 1 7 23 17 8 18 16 5 22 11 12
1 13 10 3 4 9 2 12 8 5 7 11 6
3 1 4 2
5 19 8 4 13 6 7 16 9 10 11 12 1 14 2 3 17 18 15
4 8 1 5 3 13 9 10 7 6 11 12 2
11 18 10 1 17 2 16 19 20 5 9 12 14 13 3 7 15 8 6 4
4 6 15 13 12 23 7 26 5 8 10 14 20 22 3 21 1 17 9 2 18 24 19 25 11 16
1 2 12 4 5 16 7 8 9 10 11 3 13 14 15 6
10 16 3 6 7 9 2 20 8 13 5 12 11 21 14 4 17 18 1 15 19
17 6 13 12 9 18 8 15 16 1 2 10 14 3 19 4 20 5 11 7
12 2 4 11 8 6 1 3 7 9 5 10
2 8 4 7 6 1 3 5
7 25 16 1 19 21 10 14 5 6 3 24 20 18 4 9 26 8 15 23 22 11 12 17 13 2
3 1 4 6 5 2
17 8 13 14 11 3 16 18 9 1 2 10 7 12 15 6 19 5 4
1 2
9 8 12 14 4 1 6 11 7 3 5 2 10 16 13 15 17 18
1 2 3 4 5 6 7 9 10 8 17 12 13 14 11 16 15
2 1 5 4 3 6
23 7 11 24 4 13 3 2 10 5 6 14 18 22 15 19 8 16 20 21 17 1 12 9
6 18 3 13 19 9 2 5 7 21 8 17 23 22 15 20 12 11 14 16 1 4 10
7 1 3 4 9 13 10 2 11 8 5 6 12
1 2 3 4 5 6 10 8 9 7
1
1 16 21 4 18 6 22 12 3 10 11 13 8 15 2 14 17 5 9 20 7 19
20 3 5 16 2 1 18 8 14 12 11 19 13 7 15 21 17 10 6 4 9
16 15 10 22 20 23 24 18 11 3 9 19 2 8 14 13 17 1 21 5 12 4 6 7 26 25
15 8 1 16 13 4 2 12 14 3 6 11 7 9 10 5
8 17 10 18 5 14 4 9 1 20 13 11 12 22 24 23 7 15 19 2 3 16 6 21
11 16 4 7 15 1 13 10 2 5 17 8 12 3 6 14 9
9 5 11 15 7 2 6 3 10 12 4 19 17 14 1 13 20 8 16 18
19 3 14 11 18 13 17 4 16 15 5 9 1 8 6 2 12 10 7
1
5 6 3 13 9 7 8 12 15 11 1 4 16 14 2 10
6 18 1 20 8 21 19 29 28 22 26 10 14 27 23 16 24 2 12 5 13 25 4 9 11 17 15 3 7
6 5 3 2 1 4 9 8 10 7
2 3 6 4 1 5 7
8 18 14 20 16 12 7 1 11 3 9 6 13 5 2 10 19 4 17 15
7 9 4 1 5 6 11 8 3 10 2
10 4 2 12 5 13 8 6 3 7 9 14 11 1
1 13 11 15 10 2 7 8 9 6 4 12 3 14 5
15 20 16 21 13 9 26 6 19 27 5 14 3 12 1 8 25 2 18 4 7 24 22 23 10 17 11
10 13 2 4 18 8 7 6 15 1 12 11 3 14 9 5 17 16
4 9 5 6 10 1 2 3 7 11 8 12
13 7 1 11 6 10 3 4 14 2 15 5 9 8 12
4 3 2 1
1 21 14 10 19 6 9 11 20 5 18 4 15 12 17 16 7 13 3 2 8
17 7 21 8 3 16 6 13 2 10 11 19 18 22 1 15 5 9 14 20 12 4
5 7 3 4 1 6 2 8 9
12 11 10 7 13 9 4 6 8 5 1 3 2
22 4 18 10 25 28 13 9 14 5 6 26 21 24 29 11 7 1 17 16 30 20 15 8 3 2 27 12 23 19
1 2 5 7 6 4 3 8 9 10 11
1 2 6 4 17 3 7 8 9 10 11 18 13 14 15 16 12 5 19
1 2 3 7 4 6 5
18 1 14 4 3 2 20 16 15 11 17 12 8 5 13 9 7 19 6 10
26 27 8 4 15 21 25 5 30 10 19 16 9 17 2 7 18 20 29 6 23 3 24 12 13 11 22 28 1 14
8 20 14 6 23 2 10 16 9 17 4 5 18 21 22 15 3 7 19 11 12 1 13
4 8 17 2 3 18 9 5 19 20 6 14 11 21 15 22 10 1 12 13 16 7
10 7 20 16 14 26 3 24 9 25 5 23 15 22 13 2 8 12 1 4 19 18 21 6 17 11
1 16 12 4 8 15 6 14 9 10 5 11 7 3 2 13
10 2 3 4 5 14 7 8 9 1 11 17 13 6 15 16 12
1 2 3
1 17 20 9 12 6 3 16 2 10 11 19 23 8 15 4 5 18 22 21 14 13 7
18 13 12 8 5 9 10 4 6 7 16 3 2 15 14 11 19 1 17
1 13 3 24 28 7 18 8 25 11 16 19 21 27 17 2 10 6 4 26 22 15 12 14 23 20 9 5
1 2 3
3 4 2 1
1 5 17 2 22 10 4 15 6 19 18 16 8 3 11 13 23 12 21 7 25 24 9 14 20
5 18 15 22 17 8 9 7 14 1 25 26 19 4 10 2 13 12 11 23 24 16 3 21 20 6
15 20 18 11 13 19 14 6 3 9 7 21 17 1 16 8 4 10 5 2 12
7 14 5 18 15 1 6 11 2 22 20 4 17 8 3 13 16 12 19 24 10 21 9 23
1 5 3 4 2
14 2 21 13 7 11 10 5 9 3 17 12 8 15 4 16 6 19 1 20 18 22 23
20 11 4 29 14 28 8 25 22 6 26 19 16 30 7 15 9 24 10 18 21 13 2 23 27 12 5 3 1 17
13 20 17 1 19 10 16 22 9 25 6 8 5 18 2 4 7 24 15 12 14 3 23 11 21
4 16 15 6 1 10 9 12 14 5 7 3 2 17 8 19 11 13 18
6 4 9 17 1 11 12 5 19 23 7 15 20 18 21 22 16 14 8 10 13 2 3
24 1 12 16 8 10 6 15 9 7 4 14 23 3 5 11 20 13 2 19 21 17 18 22
3 1 4 2 5
22 19 14 16 20 25 6 2 11 1 21 15 23 17 24 18 3 4 8 26 9 10 27 12 7 5 13
12 1 6 11 4 5 8 7 9 3 2 13 14 10
8 1 6 9 4 7 3 2 5
4 8 2 3 1 11 9 10 7 5 6
4 6 3 2 5 1
1 2
1 9 3 4 2 10 11 5 8 7 6
7 10 8 9 4 2 1 3 5 6
2 1
5 13 1 12 9 15 17 2 18 3 7 16 4 6 11 8 14 10 19
5 8 16 3 12 13 11 19 20 10 18 1 6 9 17 4 15 7 2 14
4 7 2 9 5 1 8 3 6
4 2 5 7 1 3 9 6 8
1 9 15 18 2 14 17 8 12 7 11 13 10 19 4 3 16 5 6
2 1 4 3 5
15 16 20 23 19 5 3 13 2 9 22 4 11 10 8 18 7 24 25 14 12 6 21 1 17
10 1 5 9 12 4 14 13 2 3 8 6 11 7
1
1 2 3
20 3 18 4 11 6 15 12 9 8 21 14 13 17 2 16 10 7 19 5 1
5 1 2 3 4 6
6 9 1 3 5 4 2 7 8
9 19 8 15 2 4 13 3 1 14 11 12 7 10 5 16 17 6 18
11 16 17 21 23 8 9 18 24 1 10 3 22 15 4 25 12 6 13 5 14 19 20 7 2
8 7 15 9 16 5 6 17 3 2 1 4 13 12 10 11 14
1 2 12 4 8 7 3 5 10 9 11 6 13
6 20 3 2 1 5 7 19 12 10 11 21 13 14 15 4 16 8 18 17 9 22
10 4 5 3 1 9 2 6 8 7
20 8 15 2 3 6 17 9 21 16 11 5 12 14 13 1 10 19 7 4 18
1 3 6 4 9 2 7 8 10 5
4 22 6 19 8 7 10 16 14 11 15 5 2 12 18 21 20 3 17 1 9 13
27 3 7 10 14 11 22 25 13 16 21 8 23 15 2 17 9 18 26 19 20 24 1 28 6 12 4 5
9 16 5 18 23 6 19 8 17 4 24 3 13 10 11 1 2 22 15 20 12 14 21 7
14 10 6 12 3 4 2 7 8 5 1 11 13 9 15 16
1 7 3 19 5 15 12 8 9 21 14 22 24 11 18 16 26 10 4 20 28 13 6 27 25 23 2 17
6 4 9 1 5 3 8 2 7
13 10 12 18 23 15 2 26 24 21 20 3 1 25 6 7 14 4 8 9 19 22 5 11 16 17
3 2 1
1 10 9 24 22 3 13 4 18 2 11 17 8 20 15 16 14 25 19 23 21 5 12 7 6 26 27 28
1 13 14 3 6 9 2 8 5 10 11 12 7 4
8 19 12 15 2 10 6 17 20 4 1 5 7 14 9 18 11 16 13 3 22 21
6 9 3 10 5 1 7 12 2 4 11 8
9 2 4 12 14 15 13 1 11 8 7 6 10 3 5
28 29 1 26 4 19 5 24 27 3 11 10 20 9 23 22 21 7 13 14 15 30 2 12 16 17 6 8 25 18
4 2 10 13 12 8 15 5 14 9 6 7 3 1 11
2 1
16 13 8 6 5 1 2 14 12 7 17 10 4 15 11 3 9
23 2 13 22 18 16 7 11 21 6 24 8 9 15 3 5 17 25 19 26 4 14 12 10 20 1
1 2 3 4 5 9 14 8 6 10 11 12 13 7 15
7 2 3 4 6 5 1 8 9 10 11 12
11 1 13 19 2 22 10 18 9 5 3 12 17 14 15 16 4 8 7 20 21 6
7 2 5 1 12 8 9 10 3 11 20 14 15 19 18 6 17 13 4 16
1 2 3 4 5 6
7 2 3 14 13 1 17 12 6 10 16 11 5 4 15 9 8
13 17 14 10 3 2 6 8 4 12 1 11 9 16 7 5 15
1 2 3 4 5 6 7 8
21 14 10 3 15 6 2 8 9 12 11 23 1 16 13 19 22 18 7 17 20 4 5 24
11 2 6 5 3 9 8 7 4 10 1
5 6 1 2 3 4 7
1 2 3 4 5 6 7 8
16 19 18 8 11 3 26 4 12 20 21 9 15 25 14 27 13 10 5 23 22 2 1 7 24 17 6
1 2 6 4 5 8 7 3
9 2 5 11 6 10 4 3 7 8 1
16 5 13 10 6 12 3 1 9 14 15 4 7 8 11 2
10 2 28 17 24 13 9 5 7 1 3 14 21 12 11 8 4 19 18 20 26 15 27 16 25 6 23 22
5 16 9 18 8 1 14 11 6 4 12 7 13 3 17 15 19 2 10
3 4 11 9 1 12 6 7 2 10 5 8
12 2 7 14 5 13 3 8 1 18 6 15 10 16 17 9 11 4
11 1 2 4 5 9 7 8 6 10 3
13 15 14 8 17 12 7 2 5 1 3 18 9 11 6 10 16 4
9 10 3 1 7 5 6 14 4 13 8 12 2 11
7 6 4 5 8 11 13 16 3 15 9 1 10 2 17 14 12
11 4 8 20 1 6 19 2 3 10 24 12 13 16 9 7 17 18 5 15 21 22 23 25 14
20 5 13 8 10 16 12 1 19 11 2 9 4 6 18 7 14 3 17 15
5 13 3 12 9 11 4 6 2 1 7 8 10
28 21 1 3 5 15 22 4 17 10 19 7 13 12 26 16 23 24 8 20 18 2 11 6 25 14 9 27
5 10 1 8 6 2 9 4 3 7
9 3 8 6 5 2 1 4 10 11 7
2 14 9 13 16 19 1 18 4 5 3 11 6 17 7 12 8 10 15
2 8 1 5 4 7 6 3
1 5 3 2 4
10 3 7 2 6 9 5 1 8 11 4
14 3 5 15 20 4 21 18 12 10 9 8 17 2 1 16 11 7 19 6 13
3 12 7 1 9 15 2 5 10 8 6 14 11 4 13
25 11 22 4 15 23 24 12 2 10 5 16 1 27 14 21 7 18 9 20 3 17 26 19 13 6 8
23 5 4 25 15 12 13 19 9 27 18 16 20 3 21 28 24 8 1 22 7 17 10 14 2 6 26 29 11
6 2 7 8 4 1 5 3
5 14 12 1 4 6 2 10 8 9 11 13 3 7
8 7 12 6 4 1 5 11 2 9 10 3
2 1 7 4 6 5 3
2 1 3 4
21 2 24 16 22 10 1 13 4 6 12 23 11 17 3 8 20 7 18 15 14 19 9 5
5 11 3 17 1 16 7 8 22 19 13 14 12 4 6 2 20 18 10 9 21 15
1 3 4 2
1 2 3
5 14 11 8 9 4 15 2 6 3 12 1 13 10 7
3 6 1 5 4 2
1 5 18 4 6 2 13 16 9 3 15 11 14 8 12 7 19 17 10 20
21 9 17 28 24 13 23 2 20 19 18 3 22 29 15 12 25 4 1 16 11 26 8 14 6 5 27 7 10
3 1 2
10 19 5 15 2 13 14 3 11 18 1 16 6 7 17 4 12 9 8
5 6 3 7 13 12 1 8 4 11 2 9 10
17 23 27 6 8 10 25 3 26 4 29 2 1 11 15 14 24 13 18 5 19 20 16 21 9 28 22 7 12
2 8 11 4 5 3 6 1 9 7 10 12
7 3 8 5 6 1 4 2
16 17 12 11 2 19 13 20 7 14 10 4 1 9 3 8 15 18 5 6
1 2 3 4 5
6 1 16 5 28 10 15 7 14 8 4 17 2 12 19 13 21 24 22 25 3 27 9 18 26 20 23 11
1 2
21 3 15 5 7 13 14 17 8 2 19 10 20 6 1 22 11 16 9 18 4 12
2 6 4 5 3 1 7 8 9
6 7 1 4 9 3 2 8 5
1 2 3 17 5 9 7 8 11 10 6 12 13 14 4 16 15 18
3 6 4 16 1 12 13 14 19 21 8 18 17 11 9 10 2 7 15 20 5
6 11 1 9 12 14 7 13 16 10 4 15 2 5 3 8
7 3 2 6 8 5 1 4
1 2 3 4
2 6 5 7 1 4 3
5 6 8 7 1 2 4 3
6 14 2 16 10 12 17 5 9 3 8 1 13 7 15 18 11 4
22 21 16 13 17 2 11 18 1 19 15 28 4 27 9 24 25 5 6 12 14 7 3 8 20 10 23 26
1
8 2 3 4 6 1 7 5
5 8 1 7 3 6 2 4
2 14 6 7 11 3 13 5 16 12 1 10 4 17 9 15 8
10 8 1 17 5 18 23 15 9 22 12 7 3 4 11 6 25 21 14 20 2 13 27 24 19 16 26
11 20 21 6 8 9 4 5 13 17 12 3 14 10 15 16 1 18 2 7 19
7 12 4 10 13 8 11 14 2 5 1 9 6 15 3
1 2 3 4 5 6 7 8 9 10 11
7 11 16 6 10 4 2 12 24 15 21 23 19 17 22 9 8 5 20 14 3 1 18 13 25
9 7 16 10 2 11 8 6 5 15 4 14 3 13 1 12
1 2 10 11 5 6 7 8 14 3 16 12 13 17 19 18 4 9 15
2 3 12 16 9 14 20 24 5 15 22 19 17 18 1 4 6 23 13 7 25 11 10 8 21
1 2 3
10 6 5 7 1 9 8 4 2 3
8 19 18 15 6 13 14 5 9 10 11 7 12 4 2 1 3 20 17 16
4 3 14 15 13 16 12 1 18 8 5 17 7 6 9 2 19 10 11
4 3 2 9 8 1 7 5 6
14 21 1 9 5 18 25 16 3 23 20 7 17 15 10 19 2 8 22 4 24 13 12 27 11 6 26
10 28 9 16 27 5 21 6 19 20 24 4 3 23 17 25 1 22 18 12 14 11 7 26 13 15 8 2
9 2 11 1 5 13 7 4 14 10 15 12 3 8 6
11 8 7 2 6 5 3 10 12 4 1 9
3 7 1 2 6 4 5
2 16 11 17 9 10 18 13 8 7 15 5 4 3 14 19 12 6 1
11 6 1 16 8 9 14 15 2 7 3 4 17 10 5 12 19 18 13 20 21
1 2 3 4 5 6
5 4 14 12 1 11 15 6 10 9 3 2 17 13 7 18 8 16
1 2 3 4
15 20 4 1 22 19 13 21 5 23 18 16 7 8 10 12 25 11 6 3 14 9 2 24 17
6 22 2 28 29 3 30 13 4 17 16 26 21 15 8 5 24 10 1 19 27 12 7 25 11 20 23 9 18 14
1 3 2 4 5 6
1 2 8 5 6 3 7 4
1 2 3 4 5 6 7 8
2 1 3
6 2 26 17 20 21 15 24 12 9 5 1 16 14 10 23 25 11 22 19 7 8 4 18 3 27 13
16 18 1 11 17 12 4 6 20 3 10 15 2 5 13 14 8 9 7 19
3 14 17 19 12 18 10 6 13 15 1 16 4 8 11 9 7 2 5
5 28 6 18 22 4 3 19 1 23 2 25 17 21 15 26 10 7 20 29 16 30 12 13 8 27 24 14 11 9
10 6 24 14 13 7 22 15 17 2 18 12 20 4 8 21 9 11 3 1 16 19 5 23 25
3 28 1 26 12 19 29 15 27 20 23 5 8 25 16 17 6 10 21 24 22 4 13 14 11 18 9 2 7
4 2 12 5 10 7 13 9 1 8 14 11 6 3
7 9 11 24 4 22 8 19 25 2 12 15 3 23 20 5 17 21 18 10 16 27 1 14 26 6 13
1 13 4 6 10 9 2 7 3 11 5 12 8
2 10 7 3 26 6 23 15 25 1 21 13 12 20 4 22 9 8 16 11 27 19 24 17 14 5 28 18
1 7 4 6 5 2 3
1 2 3 4 5 6 7 8
18 8 17 9 7 11 1 2 15 6 14 12 4 13 10 3 16 5
5 4 9 1 10 2 6 8 7 3
14 19 6 15 18 20 10 3 5 21 11 2 13 17 22 16 1 9 12 4 7 8
7 9 10 3 4 5 2 8 1 6
13 1 21 18 16 6 5 22 14 7 19 9 3 12 4 24 17 20 8 23 15 10 11 2
1 2 3 4 5
1 2 24 7 25 13 21 22 18 3 12 5 11 14 15 17 8 4 20 9 19 6 26 16 10 23
10 13 7 1 5 8 9 3 14 6 12 4 2 11
11 2 3 4 1 5 6 7 9 10 13 12 8 14 15 16 17 18
1 16 17 4 15 6 8 2 9 3 13 18 5 14 10 7 11 19 20 12 21
1 2
13 15 17 19 1 3 20 28 7 18 8 6 9 22 11 23 21 16 2 26 27 25 14 12 10 5 24 4
6 2 3 1 10 4 11 9 12 5 7 8
2 9 3 4 5 6 7 8 1 10 11 12 13 14 15 16 17
15 13 5 7 11 6 1 8 2 12 4 14 10 3 9
9 6 3 4 8 10 5 7 1 11 2
6 11 7 9 1 5 8 3 4 10 2
2 3 1
8 15 1 3 13 9 10 16 11 7 5 17 6 12 14 4 2 18
1 2 3 4
13 4 1 11 8 6 12 9 7 2 3 15 14 10 5
1 2 3 4 5 6 7 8 9 10 11 12 13 14
7 4 6 3 9 8 1 2 5
6 2 3 10 8 13 11 14 7 12 9 4 1 5
11 1 6 12 4 9 7 8 3 10 2 5
9 1 4 10 5 11 12 2 6 8 7 3
7 4 11 2 8 10 9 5 1 6 3
18 4 15 2 16 13 8 7 3 10 14 17 6 11 9 5 12 1
1
4 18 8 3 13 14 19 1 25 11 7 9 20 26 5 22 6 27 23 12 24 2 21 16 17 15 10
1
3 1 7 2 4 6 8 5 9
4 14 7 12 3 5 13 15 10 11 9 16 8 2 6 1
5 2 4 3 1 6
2 19 14 24 7 5 10 1 16 28 17 15 20 4 11 29 12 26 9 6 27 21 18 22 23 25 3 13 8 30
11 12 7 4 13 2 10 6 1 9 8 5 3
24 1 23 19 16 12 29 13 10 8 21 22 7 25 9 20 15 2 14 17 3 27 6 5 11 26 18 4 28
10 26 15 8 18 17 23 14 27 16 4 9 21 2 1 19 7 5 6 25 13 11 3 12 22 28 24 20
24 25 4 29 20 6 3 9 19 11 7 1 26 8 13 22 27 28 5 17 2 21 18 14 10 16 23 12 15
17 6 16 4 28 8 30 13 5 29 25 12 3 9 1 23 22 15 2 19 21 11 18 24 27 26 14 7 20 10
1
6 2 3 4 5 1 7 8 9
2 7 6 17 18 11 19 9 5 1 15 3 12 14 13 16 4 10 8
16 18 10 5 4 20 13 12 23 3 14 8 7 11 22 1 19 2 17 15 21 6 9
2 11 7 15 5 14 4 9 3 6 10 8 1 13 12
4 19 20 6 15 25 7 13 5 9 17 16 12 14 22 8 10 11 2 21 24 23 3 18 1
4 14 15 13 7 8 6 3 2 5 11 19 9 10 16 12 17 1 18
13 8 10 12 5 4 1 9 2 11 6 3 7
8 2 9 4 3 5 1 6 7
14 2 3 28 13 29 25 20 6 17 7 12 27 19 1 16 11 5 21 18 24 22 23 30 4 15 26 10 8 9
4 1 5 3 2
11 24 18 2 3 15 14 12 19 13 7 10 8 9 21 6 22 4 17 20 1 16 5 23
2 10 6 3 1 14 7 4 12 9 5 15 13 11 8
24 17 16 4 19 15 18 13 5 10 25 28 6 14 8 12 21 11 26 23 22 2 1 20 7 9 27 3 29
7 4 2 1 5 3 10 8 9 6
1 14 8 4 9 10 11 2 5 15 7 6 13 3 12
6 2 9 4 22 20 7 8 13 10 11 12 3 5 23 16 17 18 19 1 15 14 21
3 6 4 9 2 8 1 7 5
15 6 2 13 5 3 16 29 22 23 9 27 14 4 24 7 25 28 8 17 26 11 10 1 20 21 12 18 19
1 2 3
1 12 14 4 3 8 7 13 11 9 6 5 2 10
2 17 12 4 5 3 7 8 10 15 11 6 9 14 16 13 1
13 7 22 1 24 19 14 6 8 18 16 17 4 20 12 10 2 23 5 21 3 15 9 11
7 3 5 6 4 1 2
1 2 3 4
21 11 13 8 7 25 18 4 10 24 16 26 2 15 14 5 23 17 22 20 1 6 9 3 19 12
10 9 7 21 5 18 17 1 23 4 2 19 15 3 8 12 14 13 16 22 11 6 20 24
2 3 4 1
9 2 3 4 5 6 7 8 10 1
3 1 2 7 6 15 10 8 12 4 11 16 13 14 5 9 17
1
1 16 15 14 3 6 7 8 12 10 9 2 13 5 4 11
13 2 12 6 16 19 11 20 22 5 7 3 9 21 10 14 15 4 17 18 1 8
9 2 10 6 14 4 12 11 1 3 8 7 13 5
13 18 1 6 9 17 2 16 14 7 8 21 24 26 15 5 22 20 10 23 4 19 12 25 3 11
9 6 2 5 8 7 11 10 4 3 1
1 10 5 6 8 9 7 2 3 4 11
11 1 10 8 3 5 6 7 4 2 9
6 25 4 29 5 28 18 15 9 10 21 11 27 12 26 16 17 20 23 14 1 7 30 13 22 3 19 24 2 8
2 3 4 5 1 6
9 20 12 18 16 7 6 19 2 3 5 14 11 8 10 4 13 17 1 15
8 19 3 4 7 5 11 15 17 9 1 12 13 10 2 16 6 18 14
1
2 5 1 3 4 6
2 1 7 3 4 8 10 5 6 9
1 4 2 3
13 2 5 15 18 12 1 6 22 16 9 8 7 10 21 14 19 3 20 17 4 11
24 16 20 23 14 6 22 5 9 29 11 12 17 13 3 2 8 30 27 7 21 15 4 1 19 26 18 28 10 25
1 2 3 4 5
1 2 3 4 5
8 9 13 2 7 15 17 10 5 16 18 14 11 4 3 12 1 6
1 2 3 5 4 7 6 8
2 4 3 1 5
15 24 14 4 7 10 9 12 19 16 20 21 22 17 6 2 18 3 5 8 25 11 1 23 13
9 3 4 5 6 7 8 1 2
11 7 4 9 5 6 8 3 13 2 10 1 12
6 8 10 17 18 20 22 15 9 19 4 12 7 5 2 11 14 16 21 3 1 13 23
6 1 2 8 5 3 11 15 13 16 10 9 12 14 4 7
7 13 21 29 15 11 14 10 28 25 22 9 12 2 5 16 23 20 19 18 3 27 1 24 6 26 17 8 4
16 9 1 5 2 10 14 11 4 13 7 6 12 8 3 15
6 2 8 4 7 1 5 3 9 10
8 7 3 6 4 1 2 5 9
24 20 14 7 12 18 17 11 15 16 6 10 27 25 23 19 13 1 4 2 28 5 26 22 21 8 3 9
13 16 10 4 8 7 24 1 2 3 15 17 5 11 20 18 21 9 19 14 22 12 6 23
1 7 12 2 5 6 4 8 9 10 11 3 13
1
4 2 8 12 1 10 7 6 11 9 3 5
14 16 11 21 3 25 4 26 12 27 18 28 13 9 23 15 19 5 8 7 20 29 17 1 6 2 10 22 24
27 1 6 7 11 3 2 21 26 23 12 28 24 8 17 14 25 19 16 13 5 9 20 15 18 4 22 10
10 19 14 12 22 27 18 24 25 20 13 3 7 15 4 17 28 26 23 5 8 1 6 9 21 11 2 16
5 8 3 6 7 4 1 2
4 2 1 3
4 18 3 1 5 10 9 7 8 15 11 12 13 14 6 16 17 2 19 20 21 22
5 3 2 1 6 4
11 12 1 2 5 10 4 9 7 8 3 6
4 1 5 3 2
7 5 2 8 4 6 3 1
1 16 3 28 5 13 24 17 27 29 10 26 6 23 15 2 8 22 20 19 21 18 14 7 25 12 9 4 11
2 1
1 2 3 4 5 6 7 8 9
1 12 3 7 8 13 9 6 4 2 11 14 18 19 15 16 17 5 10
2 7 25 22 16 4 6 15 17 18 26 13 9 14 19 12 23 5 21 24 10 3 1 8 11 20 27
11 4 23 18 10 8 12 3 7 5 9 1 25 17 13 15 6 26 14 22 2 20 19 16 24 21
8 9 5 6 3 4 7 1 2 10
13 23 9 8 22 6 3 12 7 19 5 24 18 17 16 20 2 21 1 15 4 14 11 25 10
11 23 8 4 15 18 22 3 16 12 1 10 14 13 5 9 19 6 17 20 21 7 2
2 5 3 11 10 8 9 6 7 4 12 1
7 3 4 2 9 1 5 8 6
4 2 1 5 3
5 2 8 1 9 3 7 4 6 10 19 12 13 14 16 21 15 18 17 20 22 11 23
10 7 2 5 1 8 4 3 9 6
16 23 6 4 8 14 1 25 26 21 3 27 11 22 17 24 12 2 10 7 15 13 5 9 18 20 19
5 2 4 11 7 9 10 1 3 8 6
30 17 3 4 5 6 11 15 23 16 27 12 1 14 20 21 26 18 19 2 10 22 29 24 25 8 9 28 7 13
5 1 6 3 2 4
1 2 3 4
27 20 2 15 26 1 14 18 17 9 4 16 5 7 11 24 10 21 25 3 8 22 19 12 23 13 6
14 9 1 5 11 15 13 2 8 6 4 7 12 3 10
4 6 3 21 11 24 7 13 22 8 15 12 19 14 17 5 26 16 9 18 23 2 28 10 20 25 27 1 29
