3
Michael Jordan;0 1 1 0 1;0 1 1 0 1;0 1 1 0 1;0 0 0 0 1;0 0 0 0 1
Scotty Pippen;0 1 1 0 1;0 1 1 0 1;0 1 1 0 1;0 0 0 0 1;0 0 0 1 1
Charles Barkley;0 1 1 0 1;0 1 1 0 1;0 1 1 0 1;0 0 0 0 1;0 0 1 1 1
3
Michael;0 1 1 0 1;0 1 1 0 1;0 1 1 0 1;0 0 0 0 1;1 1 1 1 1
Scotty;0 1 1 0 1;0 1 1 0 1;0 1 1 0 1;0 0 0 0 1;1 1 1 1 1
Charles;0 1 1 0 1;0 1 1 0 1;0 1 1 0 1;0 0 0 0 1;1 1 1 1 1
3
Charles Barkley;0 1 1 0 1;0 1 1 0 1;0 1 1 0 1;0 0 0 0 1;1 1 1 1 1
Charle s Barkley;0 1 1 0 1;0 1 1 0 1;0 1 1 0 1;0 0 0 0 1;1 1 1 1 1
Charl es Barkley;0 1 1 0 1;0 1 1 0 1;0 1 1 0 1;0 0 0 0 1;1 1 1 1 1