16
1
1
15
14
11
16
8
3
8
1
20
1
16
17
5
5
13
6
6
13
12
16
14
9
14
18
8
16
12
11
1
12
5
3
10
17
12
14
19
12
6
1
10
15
20
18
9
6
9
1
9
3
12
12
9
18
13
11
2
15
7
1
15
17
8
14
20
8
2
20
17
15
3
8
6
5
5
11
11
2
4
12
16
8
16
13
9
11
5
15
12
12
16
10
6
9
1
7
20
9
13
12
9
12
5
3
11
14
13
4
7
16
10
15
13
5
9
7
7
10
15
7
14
5
3
15
7
15
9
18
6
13
9
15
17
20
19
7
17
15
1
4
2
15
9
2
1
19
17
15
19
2
18
3
15
14
5
16
12
5
10
6
5
2
7
1
1
20
13
2
16
3
11
14
10
19
18
19
19
16
13
4
4
14
3
5
17
15
11
5
17
8
11
11
6
11
7
1
1
6
15
16
6
3
15
9
20
20
1
16
6
4
4
18
12
10
2
5
15
12
16
14
14
18
12
12
7
18
11
3
4
16
2
9
7
1
15
3
5
15
9
14
7
4
16
9
9
4
18
9
17
11
15
7
10
17
20
13
19
10
11
18
9
8
7
1
6
12
6
19
15
12
10
13
2
16
4
2
4
5
8
1
14
3
1
6
16
14
4
3
2
5
4
4
12
12
14
6
2
11
1
11
1
13
13
4
10
1
6
15
7
16
18
7
1
16
17
4
4
7
5
7
14
17
7
3
11
20
19
3
2
2
8
6
1
20
5
3
10
6
15
2
11
5
15
10
8
4
20
17
8
18
5
14
18
5
16
17
8
5
3
14
14
4
6
3
5
1
11
1
10
16
19
9
17
14
3
10
11
7
3
4
11
10
14
14
14
10
18
13
11
19
14
19
10
5
5
2
16
3
11
20
15
12
15
6
10
13
17
12
19
16
18
13
6
17
12
9
9
6
14
11
17
15
18
8
7
3
17
11
6
5
11
10
2
9
13
7
7
1
19
1
1
2
15
7
18
7
2
12
6
19
4
8
16
14
1
14
3
15
11
12
5
7
5
11
14
1
11
5
6
3
11
2
14
11
10
16
6
6
10
15
1
3
19
18
14
3
11
15
10
11
1
2
4
14
6
16
17
1
10
3
16
8
5
10
10
14
15
4
11
19
2
8
9
10
8
5
19
4
5
11
17
6
10
19
10
10
3
18
3
6
2
11
9
14
18
4
14
4
14
3
11
1
13
1
19
5
15
3
16
17
9
12
2
14
7
17
17
2
15
1
19
16
17
6
7
6
7
2
1
17
9
10
14
5
15
14
16
2
10
10
3
11
5
10
7
10
8
11
19
1
16
13
3
16
8
13
16
11
20
6
6
1
15
8
11
13
11
1
12
18
11
19
11
14
17
4
7
3
17
19
8
12
9
18
9
2
3
12
7
6
19
6
3
1
12
2
6
14
13
3
2
9
17
8
3
11
12
3
8
13
6
4
10
6
15
7
18
17
2
8
11
2
13
